onset	duration
10.849	60.346
87.229	74.254
177.522	72.381
